14.40474 18.68057
10.5003 9.312464
9.820557 10.71161
12.18247 11.05745
10.05386 9.852632
18.23166 13.82282
14.44063 15.20179
12.57613 10.64284
10.32352 11.27535
10.6317 9.486633
11.29441 10.97627
15.52242 11.9135
12.46292 11.00829
8.087468 9.638896
14.28877 15.12758
12.11705 9.929024
8.55381 7.937097
10.8808 12.45067
10.50741 11.05448
10.65502 9.696482
7.834293 7.733102
8.147182 7.868627
9.444221 6.531366
13.6043 11.79659
11.12054 10.38861
13.78964 15.7293
13.45607 15.64604
11.39651 10.85174
9.133564 9.176638
12.30926 12.44371
8.320691 9.396218
10.86833 9.764688
10.63661 9.616377
17.39331 19.26037
12.54704 11.10849
14.03734 15.05643
11.71615 9.501557
11.2160113.8824114.0287

11.99909 14.27737
12.44942 11.33234
8.776131 7.956459
18.53227 19.56131
10.19747 10.38362
15.70378 13.60434
11.03696 10.69552
13.90771 15.87577
17.81519 18.57381
10.73581 9.399151
18.01532 17.91827
10.08894 9.576719
8.981054 8.826219
14.37979 15.22049
9.530074 11.04455
9.384003 9.322083
13.67372 11.95479
10.76575 9.753554
13.46744 11.46207
10.46553 8.424331
16.92174 16.56608
8.961104 9.460716
17.69828 16.78539
9.280058 10.7643
11.96609 12.66772
10.59461 10.22533
12.58707 16.4008
16.20265 14.5748
14.09116 12.85913
8.375028 8.018861
11.00588 10.21293
13.74797 11.74544
16.61458 16.02182
14.04151 12.43906
10.45655 8.622718
21.78254 21.30106
9.275407 8.884305
16.56411 16.73632
10.52515 8.15192
11.96954 11.09239
13.49253 11.29783
11.99163 11.82887
11.41278 9.703808
13.42472 12.48666
8.568082 8.420306
9.837032 8.729497
16.86419 16.97501
13.67355 12.06701
10.77136 8.955279
9.230896 10.02176
7.288284 7.149338
9.606243 7.950527
