1 5
2 6
3 8
3 9
4 14
5 7
5 14
5 20
6 11
6 18
6 21
7 20
7 21
8 9
8 28
9 10
9 28
9 30
10 30
11 18
11 31
12 25
12 32
12 34
13 34
14 15
14 16
14 20
14 37
15 20
15 24
15 37
16 17
16 37
17 35
17 37
17 39
17 40
18 21
18 22
18 31
18 41
19 41
20 21
20 24
20 43
21 22
21 43
22 41
22 43
23 43
24 37
24 43
24 44
25 26
25 32
25 45
26 27
26 28
26 45
27 28
27 29
27 45
27 46
28 29
28 30
28 52
29 46
29 51
29 52
30 52
31 41
31 54
32 33
32 34
32 45
32 47
32 57
33 47
33 57
34 57
34 58
35 39
35 58
36 58
37 38
37 40
37 44
37 59
37 60
38 59
38 60
39 40
39 58
39 61
40 59
40 61
41 43
41 54
41 63
42 63
43 44
43 63
43 65
44 60
44 64
44 65
45 46
45 47
45 67
46 50
46 51
46 67
47 48
47 57
47 67
47 69
48 49
48 57
48 68
48 69
49 69
50 51
50 67
50 71
50 72
51 52
51 72
51 73
52 73
53 73
54 63
54 76
55 84
55 88
56 88
56 90
56 91
57 58
57 68
57 93
58 61
58 93
59 60
59 61
59 94
60 64
60 94
61 93
61 94
62 93
62 94
63 65
63 76
63 97
64 65
64 66
64 95
64 99
65 97
65 99
66 95
66 99
67 69
67 100
68 69
68 93
68 96
68 102
69 102
69 103
70 72
70 105
71 72
71 100
71 101
71 105
71 106
72 73
72 105
72 109
73 108
73 109
74 108
74 109
75 114
76 97
76 114
76 115
77 115
78 122
79 122
79 126
80 122
80 127
81 126
81 128
81 129
82 132
82 133
83 133
84 85
84 88
84 138
85 87
85 138
85 141
86 87
86 134
86 137
86 142
87 141
87 142
88 90
88 139
88 145
89 148
90 91
90 145
90 147
90 149
91 92
91 148
91 149
92 149
93 94
93 96
93 150
94 95
94 150
95 99
95 150
96 102
96 150
97 99
97 114
97 121
97 151
98 119
98 151
99 150
99 151
99 152
100 101
100 103
100 154
101 106
101 154
102 103
102 150
102 155
103 154
103 155
104 119
104 120
104 156
105 106
105 109
105 157
106 154
106 157
107 157
108 109
108 123
108 158
109 110
109 157
109 158
109 159
110 158
110 159
111 112
111 158
111 160
112 158
112 160
113 159
113 160
114 115
114 121
114 161
115 117
115 161
116 117
116 148
116 161
117 161
118 161
119 120
119 121
119 151
119 156
119 162
120 162
121 151
121 161
121 162
121 163
122 123
122 124
122 126
122 127
122 167
123 124
123 125
123 158
123 167
124 167
125 167
126 128
126 170
127 167
127 169
127 170
128 129
128 170
128 171
129 130
129 171
130 171
130 172
131 172
132 133
132 174
133 174
133 175
134 135
134 136
134 137
134 176
135 173
135 174
135 176
136 137
136 176
137 142
137 176
137 177
138 139
138 141
138 178
139 144
139 145
139 178
140 141
140 178
141 142
141 178
141 179
142 177
142 179
143 148
143 161
143 165
143 180
144 145
144 178
144 181
145 146
145 147
145 181
145 182
146 182
147 149
147 182
147 183
148 149
148 161
148 180
148 186
148 187
149 183
149 185
149 187
150 152
150 155
150 188
151 152
151 156
151 188
152 188
153 188
154 155
154 157
154 189
155 188
155 189
156 162
156 188
156 191
157 159
157 189
157 190
157 193
158 159
158 160
158 167
158 168
158 195
159 160
159 193
159 194
159 195
160 195
161 163
161 196
162 163
162 191
162 196
163 196
164 196
165 180
165 196
165 199
166 199
167 168
167 169
167 202
168 195
168 202
169 170
169 202
169 205
170 171
170 205
170 206
171 172
171 206
172 201
172 204
172 206
173 174
173 176
173 209
174 175
174 209
174 210
175 208
175 210
176 177
176 209
176 211
177 179
177 211
177 212
177 213
178 179
178 181
178 214
179 213
179 214
180 186
180 199
180 200
180 217
180 218
181 182
181 214
181 219
181 220
182 183
182 219
182 221
183 185
183 221
184 221
185 187
185 221
185 222
186 187
186 218
186 222
187 222
188 189
188 191
188 224
189 190
189 224
190 193
190 224
191 196
191 197
191 224
191 225
192 225
193 194
193 224
193 227
194 195
194 227
194 228
195 228
195 230
196 197
196 199
196 231
196 232
197 225
197 232
198 232
199 200
199 231
199 235
200 217
200 235
201 204
201 236
202 205
202 230
202 238
203 207
203 230
203 238
204 206
204 236
204 237
204 239
205 206
205 238
205 239
206 239
207 230
207 238
207 240
207 241
208 210
208 244
209 210
209 211
209 245
210 244
210 245
211 212
211 245
211 248
212 213
212 247
212 248
213 214
213 247
213 249
214 215
214 249
215 220
215 249
215 250
216 254
217 218
217 234
217 235
217 262
218 222
218 262
219 220
219 221
219 265
220 250
220 265
221 222
221 223
221 265
221 266
222 223
222 262
222 268
223 266
223 268
224 225
224 227
224 271
225 232
225 271
226 228
226 272
227 229
227 271
227 273
228 230
228 272
228 273
229 273
230 238
230 240
230 272
230 275
231 232
231 235
231 276
232 271
232 276
232 277
233 234
233 278
234 235
234 262
234 278
234 279
235 276
235 278
235 280
236 237
236 255
236 256
236 282
237 239
237 282
238 239
238 241
238 283
239 282
239 283
240 241
240 275
240 285
241 283
241 285
241 286
242 244
242 288
242 289
243 289
244 245
244 289
244 290
245 248
245 290
245 291
246 292
247 248
247 249
247 251
247 296
248 291
248 296
248 298
249 250
249 251
249 300
250 265
250 267
250 300
251 296
251 297
251 300
252 300
253 254
253 256
253 257
253 307
253 308
254 256
254 308
255 256
255 258
255 282
255 287
255 310
256 257
256 310
257 259
257 307
257 310
258 310
259 261
259 307
259 310
259 311
259 314
260 311
260 312
260 313
260 314
261 311
261 314
262 268
262 279
262 316
263 268
263 316
264 316
265 266
265 267
265 317
266 268
266 317
267 270
267 300
267 317
268 316
268 317
268 318
269 279
269 319
270 300
270 317
270 320
270 321
271 273
271 277
271 322
272 273
272 274
272 275
272 322
273 322
274 275
274 322
275 285
275 322
275 323
276 277
276 280
276 324
277 322
277 324
278 279
278 280
278 281
278 325
279 316
279 319
279 325
280 281
280 324
280 326
281 325
281 326
282 283
282 284
282 287
282 328
283 284
283 286
283 328
284 328
285 286
285 323
285 329
286 328
286 329
287 310
287 328
287 330
288 289
288 292
288 331
289 290
289 331
289 332
290 291
290 332
290 333
291 298
291 333
292 293
292 331
292 334
293 294
293 334
294 334
294 335
294 336
295 338
296 297
296 298
296 299
296 343
297 300
297 301
297 341
297 343
298 299
298 333
298 344
299 343
299 344
300 301
300 320
300 345
301 340
301 345
302 320
302 345
303 347
303 348
304 348
305 350
306 307
306 314
306 351
307 308
307 309
307 314
307 351
307 353
307 354
308 309
308 354
309 354
310 311
310 330
310 356
311 313
311 314
311 356
312 313
312 314
312 355
312 356
313 356
314 315
314 351
314 355
314 357
315 351
315 352
315 357
316 318
316 319
316 364
317 318
317 321
317 364
318 364
319 325
319 364
319 365
320 321
320 345
320 366
321 364
321 366
321 367
322 323
322 324
322 369
323 327
323 329
323 369
324 326
324 369
324 370
325 326
325 365
325 371
326 370
326 371
327 329
327 369
327 373
328 329
328 330
328 374
329 373
329 374
330 356
330 374
330 375
331 332
331 334
331 376
332 333
332 376
332 377
333 344
333 377
333 378
334 335
334 376
334 380
335 336
335 380
335 381
336 337
336 381
337 338
337 381
337 382
338 339
338 382
338 384
339 346
339 383
339 384
340 341
340 342
340 345
340 385
341 342
341 343
341 386
342 385
342 386
343 344
343 386
343 387
344 378
344 387
345 366
345 368
345 385
345 388
345 389
346 347
346 383
346 390
347 348
347 349
347 390
347 391
348 349
348 394
349 391
349 393
349 394
350 394
350 395
351 352
351 353
351 396
352 357
352 359
352 396
353 354
353 396
354 396
354 397
355 356
355 357
355 358
355 362
355 363
355 398
356 375
356 398
357 358
357 359
357 360
357 399
358 360
358 361
358 362
358 399
359 396
359 399
360 361
360 399
361 399
362 363
362 399
362 400
363 398
363 400
364 365
364 367
364 401
365 371
365 372
365 401
366 367
366 368
366 402
367 401
367 402
368 388
368 402
369 370
369 373
369 403
370 371
370 403
370 404
371 372
371 404
372 401
372 404
372 405
372 407
373 374
373 403
373 408
374 375
374 408
374 409
375 398
375 409
376 377
376 380
376 410
377 378
377 410
377 411
378 387
378 411
379 410
379 411
380 381
380 410
380 412
381 382
381 412
381 413
382 384
382 413
382 414
383 384
383 390
383 414
384 414
385 386
385 389
385 415
385 416
386 387
386 416
387 411
387 416
387 418
388 389
388 402
388 419
388 420
389 415
389 420
389 421
390 391
390 392
390 414
390 425
391 393
391 425
392 414
392 425
393 394
393 425
393 426
394 395
394 426
394 427
395 427
396 397
396 399
396 428
397 428
398 400
398 409
398 429
399 400
399 428
399 430
400 429
400 430
400 431
401 402
401 407
401 433
402 419
402 433
402 434
403 404
403 408
403 435
404 405
404 435
404 436
405 407
405 436
406 435
406 436
407 433
407 436
407 437
408 409
408 435
408 438
409 429
409 438
409 439
410 411
410 412
410 441
411 418
411 441
412 413
412 441
412 442
413 414
413 442
414 424
414 425
414 442
414 443
415 416
415 421
415 422
415 423
415 444
416 418
416 444
417 418
417 445
418 441
418 444
418 445
418 446
419 420
419 434
419 447
420 421
420 447
420 448
421 423
421 448
422 423
422 444
422 449
423 448
423 449
423 450
424 425
424 443
424 452
425 426
425 452
425 453
426 427
426 453
426 454
427 454
428 430
428 451
428 456
429 431
429 439
429 457
429 458
430 431
430 432
430 456
430 458
431 458
432 456
432 458
433 434
433 437
433 460
434 447
434 460
435 436
435 438
435 462
436 437
436 462
437 460
437 462
438 439
438 464
438 466
439 457
439 466
440 457
440 465
440 466
441 442
441 445
441 467
442 443
442 467
443 452
443 467
443 468
444 446
444 449
444 469
445 446
445 467
445 470
446 469
446 470
447 448
447 460
447 461
447 471
448 450
448 471
449 450
449 469
449 474
450 471
450 474
450 475
451 456
451 476
452 453
452 468
452 479
452 481
453 454
453 481
453 482
454 455
454 482
454 483
455 483
456 458
456 459
456 476
456 485
457 458
457 465
457 466
457 485
458 485
459 485
460 461
460 462
460 463
460 486
461 463
461 471
461 472
461 486
462 464
462 486
463 472
463 486
463 487
464 466
464 486
464 488
465 466
465 485
465 490
466 488
466 490
466 491
467 468
467 470
467 492
468 479
468 492
469 470
469 474
469 493
470 492
470 493
471 472
471 473
471 475
471 494
472 487
472 494
473 494
474 475
474 493
474 495
475 494
475 495
476 485
476 497
476 498
477 478
477 498
478 498
478 499
479 481
479 492
479 501
479 502
480 502
481 482
481 502
481 503
482 483
482 503
483 503
484 503
485 490
485 496
485 497
485 504
486 487
486 488
486 505
487 494
487 505
488 491
488 505
489 505
490 491
490 504
490 506
491 505
491 506
492 493
492 501
492 508
493 495
493 508
494 495
494 505
494 507
494 509
495 508
495 509
496 497
496 504
496 510
497 498
497 510
497 511
498 499
498 511
498 512
499 512
500 512
501 502
501 508
501 516
502 503
502 516
502 517
502 518
503 518
504 506
504 510
504 513
504 515
504 519
505 506
505 507
505 520
506 519
506 520
507 509
507 520
508 509
508 516
508 521
509 520
509 521
510 511
510 513
510 514
510 522
511 512
511 514
511 522
512 522
513 515
513 522
514 522
515 519
515 522
515 523
516 517
516 521
516 525
517 518
517 525
518 526
519 520
519 523
519 527
520 521
520 527
520 528
521 525
521 528
522 523
522 524
522 529
523 527
523 529
524 529
525 526
525 528
525 530
525 531
526 531
526 532
527 528
527 529
527 533
528 530
528 533
529 533
530 531
530 533
530 534
530 535
531 532
531 535
532 535
532 536
533 534
533 539
534 535
534 539
535 536
535 537
535 539
535 540
536 537
536 538
536 540
537 540
538 540
539 540
539 541
540 541
540 543
541 542
541 543
542 543
543 544
